0.000000,-1234.000000,-1234.000000,-1234.000000,-1234.000000,-1234.000000
1.000000,0.159091,0.159091,0.159091,0.159091,0.159091
2.000000,0.159091,0.159091,0.159091,0.159091,0.159091
3.000000,0.159091,0.159091,0.159091,0.159091,0.159091
4.000000,0.159091,0.159091,0.159091,0.159091,0.159091
5.000000,0.159091,0.159091,0.159091,0.159091,0.159091
6.000000,0.156818,0.157955,0.158523,0.158712,0.147727
7.000000,0.154545,0.156818,0.157955,0.158333,0.147727
8.000000,0.152273,0.155682,0.157386,0.157955,0.147727
9.000000,0.150000,0.154545,0.156818,0.157576,0.147727
10.000000,0.147727,0.153409,0.156250,0.157197,0.147727
11.000000,0.147727,0.152273,0.155682,0.156818,0.147727
12.000000,0.147727,0.151136,0.155114,0.156439,0.147727
13.000000,0.147727,0.150000,0.154545,0.156061,0.147727
14.000000,0.147727,0.148864,0.153977,0.155682,0.147727
15.000000,0.147727,0.147727,0.153409,0.155303,0.147727
16.000000,0.147727,0.147727,0.152841,0.154924,0.147727
17.000000,0.147727,0.147727,0.152273,0.154545,0.147727
18.000000,0.147727,0.147727,0.151705,0.154167,0.147727
19.000000,0.147727,0.147727,0.151136,0.153788,0.147727
20.000000,0.147727,0.147727,0.150568,0.153409,0.147727
21.000000,0.147727,0.147727,0.150000,0.153030,0.147727
22.000000,0.147727,0.147727,0.149432,0.152652,0.147727
23.000000,0.147727,0.147727,0.148864,0.152273,0.147727
24.000000,0.147727,0.147727,0.148295,0.151894,0.147727
25.000000,0.145455,0.146591,0.147159,0.151136,0.136364
26.000000,0.143182,0.145455,0.146591,0.150379,0.136364
27.000000,0.140909,0.144318,0.146023,0.149621,0.136364
28.000000,0.138636,0.143182,0.145455,0.148864,0.136364
29.000000,0.136364,0.142045,0.144886,0.148106,0.136364
30.000000,0.136364,0.140909,0.144318,0.147348,0.136364
31.000000,0.136364,0.139773,0.143750,0.146591,0.136364
32.000000,0.136364,0.138636,0.143182,0.145833,0.136364
33.000000,0.134091,0.136364,0.142045,0.144697,0.125000
34.000000,0.131818,0.134091,0.140909,0.143561,0.125000
35.000000,0.129545,0.132955,0.139773,0.142424,0.125000
36.000000,0.127273,0.131818,0.138636,0.141667,0.125000
37.000000,0.125000,0.130682,0.137500,0.140909,0.125000
38.000000,0.125000,0.129545,0.136364,0.140152,0.125000
39.000000,0.125000,0.128409,0.135227,0.139394,0.125000
40.000000,0.125000,0.127273,0.134091,0.138636,0.125000
41.000000,0.125000,0.126136,0.132955,0.137879,0.125000
42.000000,0.125000,0.125000,0.131818,0.137121,0.125000
43.000000,0.125000,0.125000,0.130682,0.136364,0.125000
44.000000,0.125000,0.125000,0.129545,0.135606,0.125000
45.000000,0.125000,0.125000,0.128977,0.134848,0.125000
46.000000,0.125000,0.125000,0.128409,0.134091,0.125000
47.000000,0.125000,0.125000,0.127841,0.133333,0.125000
48.000000,0.125000,0.125000,0.127273,0.132576,0.125000
49.000000,0.125000,0.125000,0.126705,0.131818,0.125000
50.000000,0.125000,0.125000,0.126136,0.131061,0.125000
51.000000,0.125000,0.125000,0.125568,0.130303,0.125000
52.000000,0.125000,0.125000,0.125000,0.129545,0.125000
53.000000,0.125000,0.125000,0.125000,0.128788,0.125000
54.000000,0.125000,0.125000,0.125000,0.128030,0.125000
55.000000,0.125000,0.125000,0.125000,0.127652,0.125000
56.000000,0.125000,0.125000,0.125000,0.127273,0.125000
57.000000,0.125000,0.125000,0.125000,0.126894,0.125000
58.000000,0.125000,0.125000,0.125000,0.126515,0.125000
59.000000,0.125000,0.125000,0.125000,0.126136,0.125000
60.000000,0.134091,0.129545,0.127273,0.127273,0.170455
61.000000,0.143182,0.134091,0.129545,0.128409,0.170455
62.000000,0.150000,0.137500,0.131250,0.129167,0.159091
63.000000,0.156818,0.140909,0.132955,0.130303,0.159091
64.000000,0.163636,0.144318,0.134659,0.131439,0.159091
65.000000,0.161364,0.147727,0.136364,0.132576,0.159091
66.000000,0.159091,0.151136,0.138068,0.133712,0.159091
67.000000,0.159091,0.154545,0.139773,0.134848,0.159091
68.000000,0.159091,0.157955,0.141477,0.135985,0.159091
69.000000,0.161364,0.162500,0.143750,0.137500,0.170455
70.000000,0.168182,0.164773,0.147159,0.139773,0.193182
71.000000,0.175000,0.167045,0.150568,0.142045,0.193182
72.000000,0.181818,0.170455,0.153977,0.144318,0.193182
73.000000,0.188636,0.173864,0.157386,0.146591,0.193182
74.000000,0.190909,0.176136,0.160227,0.148485,0.181818
75.000000,0.188636,0.178409,0.163068,0.150379,0.181818
76.000000,0.186364,0.180682,0.165909,0.152273,0.181818
77.000000,0.184091,0.182955,0.168750,0.154167,0.181818
78.000000,0.181818,0.185227,0.171591,0.156061,0.181818
79.000000,0.181818,0.186364,0.174432,0.157955,0.181818
80.000000,0.181818,0.185227,0.175000,0.159848,0.181818
81.000000,0.181818,0.184091,0.175568,0.161742,0.181818
82.000000,0.181818,0.182955,0.176705,0.163636,0.181818
83.000000,0.181818,0.181818,0.177841,0.165530,0.181818
84.000000,0.181818,0.181818,0.178977,0.167424,0.181818
85.000000,0.181818,0.181818,0.180114,0.169318,0.181818
86.000000,0.181818,0.181818,0.181250,0.171212,0.181818
87.000000,0.181818,0.181818,0.182386,0.173106,0.181818
88.000000,0.181818,0.181818,0.183523,0.175000,0.181818
89.000000,0.181818,0.181818,0.184091,0.176894,0.181818
90.000000,0.181818,0.181818,0.183523,0.177273,0.181818
91.000000,0.181818,0.181818,0.182955,0.177652,0.181818
92.000000,0.181818,0.181818,0.182386,0.178409,0.181818
93.000000,0.181818,0.181818,0.181818,0.179167,0.181818
94.000000,0.181818,0.181818,0.181818,0.179924,0.181818
95.000000,0.181818,0.181818,0.181818,0.180682,0.181818
96.000000,0.181818,0.181818,0.181818,0.181439,0.181818
97.000000,0.181818,0.181818,0.181818,0.182197,0.181818
98.000000,0.181818,0.181818,0.181818,0.182955,0.181818
99.000000,0.181818,0.181818,0.181818,0.183333,0.181818
100.000000,0.181818,0.181818,0.181818,0.182955,0.181818
101.000000,0.181818,0.181818,0.181818,0.182576,0.181818
102.000000,0.181818,0.181818,0.181818,0.182197,0.181818
103.000000,0.181818,0.181818,0.181818,0.181818,0.181818
104.000000,0.181818,0.181818,0.181818,0.181818,0.181818
105.000000,0.181818,0.181818,0.181818,0.181818,0.181818
106.000000,0.181818,0.181818,0.181818,0.181818,0.181818
107.000000,0.181818,0.181818,0.181818,0.181818,0.181818
108.000000,0.181818,0.181818,0.181818,0.181818,0.181818
109.000000,0.181818,0.181818,0.181818,0.181818,0.181818
110.000000,0.181818,0.181818,0.181818,0.181818,0.181818
111.000000,0.181818,0.181818,0.181818,0.181818,0.181818
112.000000,0.181818,0.181818,0.181818,0.181818,0.181818
113.000000,0.181818,0.181818,0.181818,0.181818,0.181818
114.000000,0.181818,0.181818,0.181818,0.181818,0.181818
115.000000,0.181818,0.181818,0.181818,0.181818,0.181818
116.000000,0.181818,0.181818,0.181818,0.181818,0.181818
117.000000,0.181818,0.181818,0.181818,0.181818,0.181818
118.000000,0.181818,0.181818,0.181818,0.181818,0.181818
119.000000,0.181818,0.181818,0.181818,0.181818,0.181818
120.000000,0.181818,0.181818,0.181818,0.181818,0.181818
121.000000,0.181818,0.181818,0.181818,0.181818,0.181818
122.000000,0.181818,0.181818,0.181818,0.181818,0.181818
123.000000,0.181818,0.181818,0.181818,0.181818,0.181818
124.000000,0.181818,0.181818,0.181818,0.181818,0.181818
125.000000,0.181818,0.181818,0.181818,0.181818,0.181818
126.000000,0.181818,0.181818,0.181818,0.181818,0.181818
127.000000,0.181818,0.181818,0.181818,0.181818,0.181818
128.000000,0.181818,0.181818,0.181818,0.181818,0.181818
129.000000,0.181818,0.181818,0.181818,0.181818,0.181818
130.000000,0.181818,0.181818,0.181818,0.181818,0.181818
131.000000,0.181818,0.181818,0.181818,0.181818,0.181818
132.000000,0.181818,0.181818,0.181818,0.181818,0.181818
133.000000,0.181818,0.181818,0.181818,0.181818,0.181818
134.000000,0.181818,0.181818,0.181818,0.181818,0.181818
135.000000,0.181818,0.181818,0.181818,0.181818,0.181818
136.000000,0.181818,0.181818,0.181818,0.181818,0.181818
137.000000,0.181818,0.181818,0.181818,0.181818,0.181818
138.000000,0.181818,0.181818,0.181818,0.181818,0.181818
139.000000,0.181818,0.181818,0.181818,0.181818,0.181818
140.000000,0.181818,0.181818,0.181818,0.181818,0.181818
141.000000,0.181818,0.181818,0.181818,0.181818,0.181818
142.000000,0.181818,0.181818,0.181818,0.181818,0.181818
143.000000,0.181818,0.181818,0.181818,0.181818,0.181818
144.000000,0.181818,0.181818,0.181818,0.181818,0.181818
145.000000,0.181818,0.181818,0.181818,0.181818,0.181818
146.000000,0.181818,0.181818,0.181818,0.181818,0.181818
147.000000,0.181818,0.181818,0.181818,0.181818,0.181818
148.000000,0.181818,0.181818,0.181818,0.181818,0.181818
149.000000,0.181818,0.181818,0.181818,0.181818,0.181818
150.000000,0.181818,0.181818,0.181818,0.181818,0.181818
151.000000,0.181818,0.181818,0.181818,0.181818,0.181818
152.000000,0.181818,0.181818,0.181818,0.181818,0.181818
153.000000,0.181818,0.181818,0.181818,0.181818,0.181818
154.000000,0.178409,0.180114,0.180966,0.181250,0.164773
155.000000,0.175000,0.178409,0.180114,0.180682,0.164773
156.000000,0.171591,0.176705,0.179261,0.180114,0.164773
157.000000,0.168182,0.175000,0.178409,0.179545,0.164773
158.000000,0.164773,0.173295,0.177557,0.178977,0.164773
159.000000,0.164773,0.171591,0.176705,0.178409,0.164773
160.000000,0.164773,0.169886,0.175852,0.177841,0.164773
161.000000,0.164773,0.168182,0.175000,0.177273,0.164773
162.000000,0.164773,0.166477,0.174148,0.176705,0.164773
163.000000,0.164773,0.164773,0.173295,0.176136,0.164773
164.000000,0.164773,0.164773,0.172443,0.175568,0.164773
165.000000,0.164773,0.164773,0.171591,0.175000,0.164773
166.000000,0.164773,0.164773,0.170739,0.174432,0.164773
167.000000,0.164773,0.164773,0.169886,0.173864,0.164773
168.000000,0.164773,0.164773,0.169034,0.173295,0.164773
169.000000,0.164773,0.164773,0.168182,0.172727,0.164773
170.000000,0.164773,0.164773,0.167330,0.172159,0.164773
171.000000,0.164773,0.164773,0.166477,0.171591,0.164773
172.000000,0.164773,0.164773,0.165625,0.171023,0.164773
173.000000,0.164773,0.164773,0.164773,0.170455,0.164773
174.000000,0.164773,0.164773,0.164773,0.169886,0.164773
175.000000,0.164773,0.164773,0.164773,0.169318,0.164773
176.000000,0.164773,0.164773,0.164773,0.168750,0.164773
177.000000,0.164773,0.164773,0.164773,0.168182,0.164773
178.000000,0.164773,0.164773,0.164773,0.167614,0.164773
179.000000,0.164773,0.164773,0.164773,0.167045,0.164773
180.000000,0.165909,0.165341,0.165057,0.166667,0.170455
181.000000,0.167045,0.165909,0.165341,0.166288,0.170455
182.000000,0.168182,0.166477,0.165625,0.165909,0.170455
183.000000,0.169318,0.167045,0.165909,0.165530,0.170455
184.000000,0.170455,0.167614,0.166193,0.165720,0.170455
185.000000,0.170455,0.168182,0.166477,0.165909,0.170455
186.000000,0.170455,0.168750,0.166761,0.166098,0.170455
187.000000,0.170455,0.169318,0.167045,0.166288,0.170455
188.000000,0.170455,0.169886,0.167330,0.166477,0.170455
189.000000,0.170455,0.170455,0.167614,0.166667,0.170455
190.000000,0.170455,0.170455,0.167898,0.166856,0.170455
191.000000,0.170455,0.170455,0.168182,0.167045,0.170455
192.000000,0.170455,0.170455,0.168466,0.167235,0.170455
193.000000,0.170455,0.170455,0.168750,0.167424,0.170455
194.000000,0.170455,0.170455,0.169034,0.167614,0.170455
195.000000,0.170455,0.170455,0.169318,0.167803,0.170455
196.000000,0.170455,0.170455,0.169602,0.167992,0.170455
197.000000,0.170455,0.170455,0.169886,0.168182,0.170455
198.000000,0.170455,0.170455,0.170170,0.168371,0.170455
199.000000,0.170455,0.170455,0.170455,0.168561,0.170455
200.000000,0.170455,0.170455,0.170455,0.168750,0.170455
201.000000,0.170455,0.170455,0.170455,0.168939,0.170455
202.000000,0.170455,0.170455,0.170455,0.169129,0.170455
203.000000,0.170455,0.170455,0.170455,0.169318,0.170455
204.000000,0.170455,0.170455,0.170455,0.169508,0.170455
205.000000,0.170455,0.170455,0.170455,0.169697,0.170455
206.000000,0.170455,0.170455,0.170455,0.169886,0.170455
207.000000,0.170455,0.170455,0.170455,0.170076,0.170455
208.000000,0.170455,0.170455,0.170455,0.170265,0.170455
209.000000,0.170455,0.170455,0.170455,0.170455,0.170455
210.000000,0.170455,0.170455,0.170455,0.170455,0.170455
211.000000,0.170455,0.170455,0.170455,0.170455,0.170455
212.000000,0.170455,0.170455,0.170455,0.170455,0.170455
213.000000,0.170455,0.170455,0.170455,0.170455,0.170455
214.000000,0.170455,0.170455,0.170455,0.170455,0.170455
215.000000,0.170455,0.170455,0.170455,0.170455,0.170455
216.000000,0.170455,0.170455,0.170455,0.170455,0.170455
217.000000,0.170455,0.170455,0.170455,0.170455,0.170455
218.000000,0.170455,0.170455,0.170455,0.170455,0.170455
219.000000,0.170455,0.170455,0.170455,0.170455,0.170455
220.000000,0.170455,0.170455,0.170455,0.170455,0.170455
221.000000,0.171591,0.171023,0.170739,0.170644,0.176136
222.000000,0.172727,0.171591,0.171023,0.170833,0.176136
223.000000,0.173864,0.172159,0.171307,0.171023,0.176136
224.000000,0.175000,0.172727,0.171591,0.171212,0.176136
225.000000,0.176136,0.173295,0.171875,0.171402,0.176136
226.000000,0.176136,0.173864,0.172159,0.171591,0.176136
227.000000,0.176136,0.174432,0.172443,0.171780,0.176136
228.000000,0.176136,0.175000,0.172727,0.171970,0.176136
229.000000,0.177273,0.176136,0.173295,0.172348,0.181818
230.000000,0.178409,0.177273,0.173864,0.172727,0.181818
231.000000,0.179545,0.177841,0.174432,0.173106,0.181818
232.000000,0.180682,0.178409,0.175000,0.173485,0.181818
233.000000,0.181818,0.178977,0.175568,0.173864,0.181818
234.000000,0.181818,0.179545,0.176136,0.174242,0.181818
235.000000,0.181818,0.180114,0.176705,0.174621,0.181818
236.000000,0.181818,0.180682,0.177273,0.175000,0.181818
237.000000,0.181818,0.181250,0.177841,0.175379,0.181818
238.000000,0.181818,0.181818,0.178409,0.175758,0.181818
239.000000,0.181818,0.181818,0.178977,0.176136,0.181818
240.000000,0.181818,0.181818,0.179545,0.176515,0.181818
241.000000,0.181818,0.181818,0.179830,0.176894,0.181818
242.000000,0.181818,0.181818,0.180114,0.177273,0.181818
243.000000,0.181818,0.181818,0.180398,0.177652,0.181818
244.000000,0.181818,0.181818,0.180682,0.178030,0.181818
245.000000,0.181818,0.181818,0.180966,0.178409,0.181818
246.000000,0.181818,0.181818,0.181250,0.178788,0.181818
247.000000,0.181818,0.181818,0.181534,0.179167,0.181818
248.000000,0.181818,0.181818,0.181818,0.179545,0.181818
249.000000,0.181818,0.181818,0.181818,0.179924,0.181818
250.000000,0.181818,0.181818,0.181818,0.180303,0.181818
251.000000,0.180682,0.181250,0.181534,0.180303,0.176136
252.000000,0.179545,0.180682,0.181250,0.180303,0.176136
253.000000,0.178409,0.180114,0.180966,0.180303,0.176136
254.000000,0.177273,0.179545,0.180682,0.180303,0.176136
255.000000,0.173864,0.177841,0.179830,0.179924,0.164773
256.000000,0.171591,0.176136,0.178977,0.179545,0.164773
257.000000,0.169318,0.174432,0.178125,0.179167,0.164773
258.000000,0.167045,0.172727,0.177273,0.178788,0.164773
259.000000,0.164773,0.171023,0.176420,0.178220,0.164773
260.000000,0.164773,0.169318,0.175568,0.177652,0.164773
261.000000,0.164773,0.168182,0.174716,0.177083,0.164773
262.000000,0.165909,0.167614,0.174148,0.176705,0.170455
263.000000,0.167045,0.167045,0.173580,0.176326,0.170455
264.000000,0.168182,0.166477,0.173011,0.175947,0.170455
265.000000,0.169318,0.167045,0.172443,0.175568,0.170455
266.000000,0.170455,0.167614,0.171875,0.175189,0.170455
267.000000,0.182955,0.174432,0.174432,0.176894,0.232955
268.000000,0.200000,0.183523,0.178125,0.179356,0.255682
269.000000,0.221591,0.194886,0.182955,0.182576,0.278409
270.000000,0.242045,0.205682,0.187500,0.185606,0.272727
271.000000,0.262500,0.216477,0.192330,0.188636,0.272727
272.000000,0.270455,0.226705,0.197159,0.191667,0.272727
273.000000,0.273864,0.236932,0.201989,0.194697,0.272727
274.000000,0.272727,0.247159,0.206818,0.197727,0.272727
275.000000,0.272727,0.257386,0.212216,0.200758,0.272727
276.000000,0.272727,0.267614,0.217614,0.203788,0.272727
277.000000,0.272727,0.271591,0.223011,0.206818,0.272727
278.000000,0.272727,0.273295,0.228409,0.209848,0.272727
279.000000,0.272727,0.272727,0.233807,0.212879,0.272727
280.000000,0.272727,0.272727,0.239205,0.215909,0.272727
281.000000,0.272727,0.272727,0.244602,0.219129,0.272727
282.000000,0.272727,0.272727,0.249716,0.222348,0.272727
283.000000,0.272727,0.272727,0.254830,0.225568,0.272727
284.000000,0.272727,0.272727,0.259943,0.228788,0.272727
285.000000,0.272727,0.272727,0.265057,0.232386,0.272727
286.000000,0.272727,0.272727,0.270170,0.235985,0.272727
287.000000,0.272727,0.272727,0.272159,0.239583,0.272727
288.000000,0.272727,0.272727,0.273011,0.243182,0.272727
289.000000,0.272727,0.272727,0.272727,0.246780,0.272727
290.000000,0.272727,0.272727,0.272727,0.250379,0.272727
291.000000,0.272727,0.272727,0.272727,0.253977,0.272727
292.000000,0.272727,0.272727,0.272727,0.257386,0.272727
293.000000,0.272727,0.272727,0.272727,0.260795,0.272727
294.000000,0.272727,0.272727,0.272727,0.264205,0.272727
295.000000,0.272727,0.272727,0.272727,0.267614,0.272727
296.000000,0.272727,0.272727,0.272727,0.271023,0.272727
297.000000,0.272727,0.272727,0.272727,0.272348,0.272727
298.000000,0.272727,0.272727,0.272727,0.272917,0.272727
299.000000,0.272727,0.272727,0.272727,0.272727,0.272727
300.000000,0.272727,0.272727,0.272727,0.272727,0.272727
301.000000,0.272727,0.272727,0.272727,0.272727,0.272727
302.000000,0.275000,0.273864,0.273295,0.273106,0.284091
303.000000,0.277273,0.275000,0.273864,0.273485,0.284091
304.000000,0.279545,0.276136,0.274432,0.273864,0.284091
305.000000,0.281818,0.277273,0.275000,0.274242,0.284091
306.000000,0.284091,0.278409,0.275568,0.274621,0.284091
307.000000,0.285227,0.280114,0.276420,0.275189,0.289773
308.000000,0.296591,0.286932,0.279830,0.277462,0.340909
309.000000,0.302273,0.290909,0.281818,0.278788,0.312500
310.000000,0.306818,0.294318,0.283523,0.279924,0.306818
311.000000,0.311364,0.297727,0.285227,0.281061,0.306818
312.000000,0.312500,0.298864,0.286364,0.281818,0.295455
313.000000,0.303409,0.300000,0.287500,0.282576,0.295455
314.000000,0.300000,0.301136,0.288636,0.283333,0.295455
315.000000,0.297727,0.302273,0.289773,0.284091,0.295455
316.000000,0.294318,0.302841,0.290625,0.284659,0.289773
317.000000,0.293182,0.302841,0.291477,0.285227,0.289773
318.000000,0.292045,0.297727,0.292330,0.285795,0.289773
319.000000,0.287500,0.293750,0.292330,0.285795,0.272727
320.000000,0.282955,0.290341,0.292330,0.285795,0.272727
321.000000,0.279545,0.286932,0.292330,0.285795,0.272727
322.000000,0.276136,0.284659,0.291761,0.285795,0.272727
323.000000,0.279545,0.285795,0.292898,0.286932,0.306818
324.000000,0.286364,0.286932,0.294034,0.288068,0.306818
325.000000,0.293182,0.288068,0.295170,0.289205,0.306818
326.000000,0.300000,0.289773,0.296307,0.290341,0.306818
327.000000,0.306818,0.291477,0.297159,0.291477,0.306818
328.000000,0.306818,0.293182,0.295455,0.292614,0.306818
329.000000,0.306818,0.296591,0.295170,0.293750,0.306818
330.000000,0.306818,0.300000,0.295170,0.294886,0.306818
331.000000,0.315909,0.307955,0.297443,0.297538,0.352273
332.000000,0.321591,0.314205,0.299432,0.299242,0.335227
333.000000,0.327273,0.317045,0.301420,0.300947,0.335227
334.000000,0.336364,0.321591,0.304261,0.303220,0.352273
335.000000,0.345455,0.326136,0.307102,0.305492,0.352273
336.000000,0.345455,0.330682,0.310227,0.307765,0.352273
337.000000,0.348864,0.335227,0.313352,0.309848,0.352273
338.000000,0.352273,0.339773,0.316477,0.310227,0.352273
339.000000,0.352273,0.344318,0.320455,0.311553,0.352273
340.000000,0.359091,0.352273,0.326136,0.314205,0.386364
341.000000,0.365909,0.355682,0.331818,0.316856,0.386364
342.000000,0.372727,0.360795,0.337500,0.319886,0.386364
343.000000,0.379545,0.365909,0.341477,0.322917,0.386364
344.000000,0.386364,0.369318,0.345455,0.325947,0.386364
345.000000,0.387500,0.373295,0.349716,0.329167,0.392045
346.000000,0.392045,0.378977,0.354830,0.333144,0.409091
347.000000,0.403409,0.388068,0.361648,0.338258,0.443182
348.000000,0.409091,0.394318,0.367045,0.342424,0.414773
349.000000,0.415909,0.401136,0.372727,0.347348,0.420455
350.000000,0.413636,0.400568,0.376420,0.350947,0.380682
351.000000,0.409091,0.400568,0.378125,0.354735,0.386364
352.000000,0.402273,0.402841,0.381818,0.359280,0.409091
353.000000,0.401136,0.405114,0.385511,0.362689,0.409091
354.000000,0.405682,0.410795,0.390057,0.367235,0.443182
355.000000,0.414773,0.414205,0.393750,0.371212,0.426136
356.000000,0.422727,0.415909,0.397443,0.375189,0.426136
357.000000,0.421591,0.411932,0.400000,0.378409,0.403409
358.000000,0.420455,0.410795,0.402557,0.381629,0.403409
359.000000,0.418182,0.411932,0.406534,0.385795,0.431818
360.000000,0.419318,0.417045,0.408807,0.389962,0.431818
361.000000,0.418182,0.420455,0.410511,0.392235,0.420455
362.000000,0.421591,0.421591,0.412216,0.395076,0.420455
363.000000,0.425000,0.422727,0.413920,0.397917,0.420455
364.000000,0.420455,0.419318,0.415057,0.399811,0.409091
365.000000,0.415909,0.417614,0.415909,0.401705,0.409091
366.000000,0.413636,0.415909,0.415909,0.403598,0.409091
367.000000,0.411364,0.416477,0.414205,0.405492,0.409091
368.000000,0.409091,0.417045,0.413920,0.407386,0.409091
369.000000,0.409091,0.414773,0.413352,0.409280,0.409091
370.000000,0.409091,0.412500,0.414773,0.410038,0.409091
371.000000,0.409091,0.411364,0.415909,0.410795,0.409091
372.000000,0.409091,0.410227,0.415909,0.411553,0.409091
373.000000,0.409091,0.409091,0.415909,0.412311,0.409091
374.000000,0.409091,0.409091,0.414205,0.413068,0.409091
375.000000,0.405682,0.407386,0.412500,0.413068,0.392045
376.000000,0.402273,0.405682,0.410795,0.412500,0.392045
377.000000,0.398864,0.403977,0.410227,0.410795,0.392045
378.000000,0.395455,0.402273,0.409659,0.410038,0.392045
379.000000,0.393182,0.401136,0.407955,0.409280,0.397727
380.000000,0.389773,0.397727,0.405114,0.409091,0.375000
381.000000,0.384091,0.393182,0.402273,0.408333,0.363636
382.000000,0.376136,0.387500,0.398864,0.406439,0.352273
383.000000,0.368182,0.381818,0.395455,0.404545,0.352273
384.000000,0.359091,0.376136,0.392614,0.401515,0.352273
385.000000,0.359091,0.374432,0.390909,0.399811,0.375000
386.000000,0.359091,0.371591,0.388636,0.397727,0.363636
387.000000,0.361364,0.368750,0.386364,0.396402,0.363636
388.000000,0.363636,0.365909,0.384091,0.395076,0.363636
389.000000,0.365909,0.362500,0.381818,0.392803,0.363636
390.000000,0.365909,0.362500,0.380114,0.390909,0.375000
391.000000,0.368182,0.363636,0.378409,0.389394,0.375000
392.000000,0.379545,0.370455,0.378977,0.389394,0.420455
393.000000,0.390909,0.377273,0.379545,0.389394,0.420455
394.000000,0.402273,0.384091,0.380114,0.389773,0.420455
395.000000,0.421591,0.393750,0.384091,0.391856,0.471591
396.000000,0.443182,0.405682,0.388636,0.394318,0.482955
397.000000,0.448864,0.414205,0.391477,0.395644,0.448864
398.000000,0.453409,0.422159,0.394034,0.396780,0.443182
399.000000,0.457955,0.430114,0.396307,0.397917,0.443182
400.000000,0.452273,0.436932,0.399716,0.399053,0.443182
401.000000,0.444318,0.443750,0.403693,0.400189,0.443182
402.000000,0.443182,0.446023,0.408239,0.401326,0.443182
403.000000,0.443182,0.448295,0.412784,0.402462,0.443182
404.000000,0.442045,0.450000,0.417045,0.403409,0.437500
405.000000,0.437500,0.444886,0.419318,0.404356,0.420455
406.000000,0.432955,0.438636,0.422159,0.405303,0.420455
407.000000,0.432955,0.438068,0.426136,0.407008,0.443182
408.000000,0.432955,0.438068,0.430114,0.408712,0.443182
409.000000,0.434091,0.438068,0.434091,0.410227,0.443182
410.000000,0.438636,0.438068,0.437500,0.412500,0.443182
411.000000,0.443182,0.438068,0.440909,0.415152,0.443182
412.000000,0.443182,0.438068,0.442045,0.418182,0.443182
413.000000,0.443182,0.438068,0.443182,0.421212,0.443182
414.000000,0.443182,0.438636,0.444318,0.424242,0.443182
415.000000,0.442045,0.440341,0.442614,0.426326,0.437500
416.000000,0.440909,0.442045,0.440341,0.428788,0.437500
417.000000,0.439773,0.441477,0.439773,0.431250,0.437500
418.000000,0.438636,0.440909,0.439489,0.433712,0.437500
419.000000,0.437500,0.440341,0.439205,0.436174,0.437500
420.000000,0.437500,0.439773,0.438920,0.438258,0.437500
421.000000,0.437500,0.439205,0.438636,0.440341,0.437500
422.000000,0.436364,0.438068,0.438068,0.440720,0.431818
423.000000,0.430682,0.434659,0.436364,0.440341,0.409091
424.000000,0.425000,0.431250,0.434943,0.439962,0.409091
425.000000,0.421591,0.429545,0.434943,0.438258,0.420455
426.000000,0.420455,0.428977,0.435511,0.436553,0.431818
427.000000,0.420455,0.428409,0.434943,0.435985,0.431818
428.000000,0.425000,0.427841,0.434375,0.435606,0.431818
429.000000,0.429545,0.427273,0.433807,0.435227,0.431818
430.000000,0.431818,0.426705,0.433239,0.434848,0.431818
431.000000,0.431818,0.426136,0.432670,0.434470,0.431818
432.000000,0.431818,0.426136,0.432102,0.434091,0.431818
433.000000,0.429545,0.427273,0.430966,0.433333,0.420455
434.000000,0.427273,0.428409,0.429830,0.432765,0.420455
435.000000,0.425000,0.428409,0.428977,0.432765,0.420455
436.000000,0.422727,0.427273,0.428125,0.432765,0.420455
437.000000,0.420455,0.426136,0.427273,0.432008,0.420455
438.000000,0.420455,0.425000,0.426420,0.431250,0.420455
439.000000,0.420455,0.423864,0.425568,0.430492,0.420455
440.000000,0.420455,0.422727,0.424716,0.429735,0.420455
441.000000,0.420455,0.421591,0.423864,0.428977,0.420455
442.000000,0.420455,0.420455,0.423295,0.428220,0.420455
443.000000,0.420455,0.420455,0.423864,0.427462,0.420455
444.000000,0.420455,0.420455,0.424432,0.426705,0.420455
445.000000,0.420455,0.420455,0.424432,0.426136,0.420455
446.000000,0.421591,0.421023,0.424148,0.425758,0.426136
447.000000,0.422727,0.421591,0.423864,0.425379,0.426136
448.000000,0.429545,0.425000,0.425000,0.425947,0.454545
449.000000,0.438636,0.429545,0.426705,0.426894,0.465909
450.000000,0.445455,0.432955,0.427841,0.427462,0.454545
451.000000,0.451136,0.436364,0.428977,0.428030,0.454545
452.000000,0.456818,0.439773,0.430114,0.428788,0.454545
453.000000,0.456818,0.443182,0.431818,0.430303,0.454545
454.000000,0.445455,0.442045,0.431250,0.430303,0.409091
455.000000,0.432955,0.439205,0.429830,0.429356,0.392045
456.000000,0.421591,0.436364,0.428693,0.428220,0.397727
457.000000,0.423864,0.440341,0.430966,0.429356,0.465909
458.000000,0.436364,0.446591,0.435795,0.432197,0.517045
459.000000,0.452273,0.448864,0.439205,0.434091,0.488636
460.000000,0.471591,0.452273,0.442614,0.435985,0.488636
461.000000,0.489773,0.455682,0.446023,0.437879,0.488636
462.000000,0.503409,0.463636,0.451705,0.441288,0.534091
463.000000,0.506818,0.471591,0.457386,0.445076,0.534091
464.000000,0.514773,0.483523,0.462784,0.448674,0.528409
465.000000,0.522727,0.497159,0.468182,0.452273,0.528409
466.000000,0.529545,0.509659,0.473011,0.455682,0.522727
467.000000,0.527273,0.515341,0.477841,0.459091,0.522727
468.000000,0.525000,0.515909,0.481250,0.462500,0.522727
469.000000,0.518182,0.516477,0.482670,0.464962,0.494318
470.000000,0.507955,0.515341,0.483807,0.466856,0.477273
471.000000,0.501136,0.515341,0.485511,0.469129,0.488636
472.000000,0.489773,0.508523,0.486080,0.470644,0.465909
473.000000,0.479545,0.502273,0.486932,0.472348,0.471591
474.000000,0.475000,0.496591,0.490057,0.474053,0.471591
475.000000,0.473864,0.490909,0.494034,0.475758,0.471591
476.000000,0.470455,0.485795,0.497727,0.477273,0.471591
477.000000,0.471591,0.480682,0.498011,0.478788,0.471591
478.000000,0.471591,0.475568,0.495739,0.479356,0.471591
479.000000,0.467045,0.471023,0.493750,0.478788,0.448864
480.000000,0.462500,0.468182,0.491761,0.478598,0.448864
481.000000,0.459091,0.464773,0.490057,0.478598,0.454545
482.000000,0.455682,0.463636,0.486080,0.478598,0.454545
483.000000,0.452273,0.461932,0.482102,0.478598,0.454545
484.000000,0.453409,0.460227,0.478409,0.480114,0.454545
485.000000,0.454545,0.458523,0.474716,0.482197,0.454545
486.000000,0.456818,0.457955,0.471875,0.484470,0.465909
487.000000,0.463636,0.459659,0.470170,0.485227,0.488636
488.000000,0.470455,0.461364,0.468466,0.484280,0.488636
489.000000,0.477273,0.465341,0.468182,0.484280,0.488636
490.000000,0.481818,0.468182,0.468182,0.483902,0.477273
491.000000,0.484091,0.470455,0.467614,0.483523,0.477273
492.000000,0.481818,0.472727,0.468182,0.481629,0.477273
493.000000,0.479545,0.475000,0.468466,0.479735,0.477273
494.000000,0.477273,0.477273,0.468750,0.478030,0.477273
495.000000,0.477273,0.479545,0.469034,0.476326,0.477273
496.000000,0.477273,0.480682,0.469318,0.474811,0.477273
497.000000,0.477273,0.479545,0.469602,0.473295,0.477273
498.000000,0.475000,0.477273,0.469318,0.471402,0.465909
499.000000,0.470455,0.473864,0.469602,0.470076,0.454545
500.000000,0.463636,0.470455,0.469318,0.468939,0.443182
501.000000,0.456818,0.467045,0.468750,0.467424,0.443182
502.000000,0.450000,0.463636,0.468182,0.466667,0.443182
503.000000,0.445455,0.460227,0.467614,0.465720,0.443182
504.000000,0.443182,0.456818,0.467045,0.464773,0.443182
505.000000,0.450000,0.456818,0.468182,0.464962,0.477273
506.000000,0.459091,0.457955,0.469318,0.465530,0.488636
507.000000,0.468182,0.459091,0.469318,0.466098,0.488636
508.000000,0.477273,0.461364,0.469318,0.466667,0.488636
509.000000,0.487500,0.465341,0.469602,0.468182,0.494318
510.000000,0.489773,0.469886,0.470170,0.469508,0.488636
511.000000,0.489773,0.474432,0.470739,0.470644,0.488636
512.000000,0.487500,0.477841,0.470739,0.471402,0.477273
513.000000,0.480682,0.478977,0.469602,0.471402,0.454545
514.000000,0.472727,0.480114,0.468466,0.471402,0.454545
515.000000,0.465909,0.477841,0.467330,0.471402,0.454545
516.000000,0.459091,0.474432,0.466193,0.471023,0.454545
517.000000,0.456818,0.472159,0.465625,0.470265,0.465909
518.000000,0.459091,0.469886,0.465625,0.469508,0.465909
519.000000,0.460227,0.466477,0.465909,0.468561,0.460227
520.000000,0.461364,0.463636,0.466761,0.467992,0.460227
521.000000,0.462500,0.460795,0.467614,0.467424,0.460227
522.000000,0.473864,0.465341,0.471591,0.468939,0.522727
523.000000,0.477273,0.468182,0.473580,0.469129,0.482955
524.000000,0.480682,0.470455,0.475284,0.469129,0.477273
525.000000,0.481818,0.471591,0.474716,0.468750,0.465909
526.000000,0.476136,0.469318,0.471875,0.467235,0.431818
527.000000,0.457955,0.465909,0.469034,0.465720,0.431818
528.000000,0.451136,0.464205,0.467045,0.465152,0.448864
529.000000,0.445455,0.463068,0.464773,0.464962,0.448864
530.000000,0.442045,0.461932,0.462784,0.465152,0.448864
531.000000,0.445455,0.460795,0.460795,0.465341,0.448864
532.000000,0.448864,0.453409,0.459375,0.465530,0.448864
533.000000,0.448864,0.450000,0.459091,0.465720,0.448864
534.000000,0.448864,0.447159,0.458807,0.465909,0.448864
535.000000,0.448864,0.445455,0.458523,0.464962,0.448864
536.000000,0.448864,0.447159,0.458239,0.463636,0.448864
537.000000,0.448864,0.448864,0.457386,0.462311,0.448864
538.000000,0.448864,0.448864,0.456534,0.460985,0.448864
539.000000,0.448864,0.448864,0.455966,0.459470,0.448864
540.000000,0.448864,0.448864,0.455398,0.458144,0.448864
541.000000,0.448864,0.448864,0.454830,0.456818,0.448864
542.000000,0.450000,0.449432,0.451420,0.456061,0.454545
543.000000,0.451136,0.450000,0.450000,0.456061,0.454545
544.000000,0.452273,0.450568,0.448864,0.456061,0.454545
545.000000,0.501136,0.475000,0.460227,0.464015,0.693182
546.000000,0.555682,0.502273,0.474716,0.472917,0.721591
547.000000,0.639773,0.544886,0.496875,0.486553,0.875000
548.000000,0.711364,0.581250,0.515057,0.498106,0.812500
549.000000,0.776136,0.614205,0.531534,0.508712,0.778409
550.000000,0.803409,0.652273,0.550568,0.521023,0.829545
551.000000,0.822727,0.689205,0.569034,0.532955,0.818182
552.000000,0.811364,0.725568,0.587500,0.542803,0.818182
553.000000,0.803409,0.757386,0.603693,0.552462,0.772727
554.000000,0.807955,0.792045,0.621307,0.563258,0.801136
555.000000,0.801136,0.802273,0.638636,0.574242,0.795455
556.000000,0.796591,0.809659,0.655966,0.586364,0.795455
557.000000,0.788636,0.800000,0.672443,0.597917,0.778409
558.000000,0.781818,0.792614,0.686932,0.607576,0.738636
559.000000,0.771591,0.789773,0.701989,0.617614,0.750000
560.000000,0.762500,0.781818,0.717045,0.627652,0.750000
561.000000,0.752273,0.774432,0.731818,0.637500,0.744318
562.000000,0.752273,0.770455,0.748011,0.648485,0.778409
563.000000,0.760227,0.771023,0.764205,0.659470,0.778409
564.000000,0.773864,0.772727,0.782386,0.671780,0.818182
565.000000,0.779545,0.771023,0.786648,0.682765,0.778409
566.000000,0.787500,0.769886,0.789773,0.693939,0.784091
567.000000,0.788636,0.770455,0.785227,0.705114,0.784091
568.000000,0.790909,0.775568,0.784091,0.716477,0.789773
569.000000,0.782955,0.778409,0.784091,0.727462,0.778409
570.000000,0.782955,0.781250,0.781534,0.738447,0.778409
571.000000,0.781818,0.784659,0.779545,0.749432,0.778409
572.000000,0.780682,0.784659,0.777557,0.760227,0.778409
573.000000,0.785227,0.788068,0.779545,0.772159,0.812500
574.000000,0.790909,0.786932,0.779830,0.783902,0.806818
575.000000,0.796591,0.789773,0.780398,0.787689,0.806818
576.000000,0.802273,0.792045,0.780966,0.790530,0.806818
577.000000,0.807955,0.794318,0.782386,0.788258,0.806818
578.000000,0.806818,0.796023,0.785795,0.788068,0.806818
579.000000,0.804545,0.797727,0.788068,0.788636,0.795455
580.000000,0.802273,0.799432,0.790341,0.787500,0.795455
581.000000,0.802273,0.802273,0.793466,0.787121,0.806818
582.000000,0.803409,0.805682,0.795170,0.786932,0.812500
583.000000,0.804545,0.805682,0.796875,0.788258,0.812500
584.000000,0.807955,0.806250,0.796591,0.788636,0.812500
585.000000,0.811364,0.806818,0.798295,0.789205,0.812500
586.000000,0.819318,0.810795,0.801420,0.790909,0.846591
587.000000,0.826136,0.814773,0.804545,0.793182,0.846591
588.000000,0.832955,0.818750,0.807386,0.796780,0.846591
589.000000,0.839773,0.823864,0.810795,0.800000,0.846591
590.000000,0.846591,0.828977,0.814205,0.803220,0.846591
591.000000,0.846591,0.832955,0.817614,0.806629,0.846591
592.000000,0.846591,0.836364,0.821023,0.808902,0.846591
593.000000,0.846591,0.839773,0.822727,0.811174,0.846591
594.000000,0.846591,0.843182,0.824716,0.812121,0.846591
595.000000,0.846591,0.846591,0.826705,0.814394,0.846591
596.000000,0.836364,0.841477,0.826136,0.814773,0.795455
597.000000,0.827273,0.836932,0.825852,0.815341,0.801136
598.000000,0.818182,0.832386,0.825568,0.815720,0.801136
599.000000,0.807955,0.827273,0.825568,0.816288,0.795455
600.000000,0.797727,0.822159,0.825568,0.816856,0.795455
601.000000,0.797727,0.817045,0.825000,0.817424,0.795455
602.000000,0.796591,0.811932,0.824148,0.817992,0.795455
603.000000,0.795455,0.806818,0.823295,0.817424,0.795455
604.000000,0.790909,0.799432,0.821307,0.816288,0.772727
605.000000,0.782955,0.790341,0.818466,0.814583,0.755682
606.000000,0.777273,0.787500,0.814489,0.813258,0.767045
607.000000,0.771591,0.784091,0.810511,0.811932,0.767045
608.000000,0.771591,0.783523,0.807955,0.811553,0.795455
609.000000,0.778409,0.784659,0.805966,0.811932,0.806818
610.000000,0.785227,0.784091,0.803125,0.811742,0.789773
611.000000,0.789773,0.783523,0.800284,0.811174,0.789773
612.000000,0.794318,0.782955,0.797443,0.810417,0.789773
613.000000,0.793182,0.782386,0.794602,0.809659,0.789773
614.000000,0.789773,0.784091,0.791761,0.808902,0.789773
615.000000,0.789773,0.787500,0.788920,0.808144,0.789773
616.000000,0.789773,0.789773,0.788636,0.806250,0.789773
617.000000,0.789773,0.792045,0.788068,0.804356,0.789773
618.000000,0.789773,0.791477,0.787500,0.802462,0.789773
619.000000,0.790909,0.790341,0.787500,0.800758,0.795455
620.000000,0.792045,0.790909,0.787500,0.799053,0.795455
621.000000,0.790909,0.790341,0.786932,0.796970,0.784091
622.000000,0.786364,0.788068,0.785511,0.794318,0.767045
623.000000,0.781818,0.785795,0.784091,0.791667,0.767045
624.000000,0.776136,0.783523,0.783807,0.789015,0.767045
625.000000,0.770455,0.781250,0.784375,0.786364,0.767045
626.000000,0.771591,0.781250,0.785511,0.786174,0.789773
627.000000,0.767045,0.776705,0.784375,0.784280,0.744318
628.000000,0.762500,0.772159,0.781818,0.782386,0.744318
629.000000,0.756818,0.766477,0.778409,0.780492,0.738636
630.000000,0.752273,0.761364,0.776136,0.778788,0.744318
631.000000,0.743182,0.757386,0.773864,0.777083,0.744318
632.000000,0.740909,0.753977,0.771023,0.775000,0.732955
633.000000,0.737500,0.750000,0.767898,0.772727,0.727273
634.000000,0.734091,0.745455,0.764489,0.771023,0.721591
635.000000,0.725000,0.738636,0.759943,0.769129,0.698864
636.000000,0.715909,0.729545,0.755398,0.766856,0.698864
637.000000,0.711364,0.726136,0.751420,0.764962,0.710227
638.000000,0.710227,0.723864,0.748011,0.762500,0.721591
639.000000,0.710227,0.722159,0.744318,0.759659,0.721591
640.000000,0.717045,0.721023,0.741193,0.757765,0.732955
641.000000,0.723864,0.719886,0.738636,0.755871,0.732955
642.000000,0.728409,0.719886,0.736932,0.753977,0.732955
643.000000,0.730682,0.720455,0.735227,0.752083,0.732955
644.000000,0.737500,0.723864,0.734659,0.750947,0.755682
645.000000,0.742045,0.729545,0.734091,0.749811,0.755682
646.000000,0.746591,0.735227,0.732386,0.748674,0.755682
647.000000,0.751136,0.739773,0.732955,0.747538,0.755682
648.000000,0.754545,0.742614,0.733239,0.746212,0.750000
649.000000,0.753409,0.745455,0.733807,0.744697,0.750000
650.000000,0.750000,0.746023,0.733523,0.742803,0.738636
651.000000,0.746591,0.746591,0.733239,0.741288,0.738636
652.000000,0.743182,0.747159,0.733523,0.740341,0.738636
653.000000,0.740909,0.747727,0.734091,0.739394,0.738636
654.000000,0.738636,0.746023,0.734943,0.738447,0.738636
655.000000,0.738636,0.744318,0.736932,0.737500,0.738636
656.000000,0.752273,0.749432,0.742330,0.738068,0.806818
657.000000,0.765909,0.754545,0.747159,0.740152,0.806818
658.000000,0.779545,0.760227,0.751420,0.742235,0.806818
659.000000,0.787500,0.763068,0.754261,0.743561,0.778409
660.000000,0.789773,0.764205,0.755114,0.743750,0.750000
661.000000,0.780682,0.766477,0.756534,0.744318,0.761364
662.000000,0.771591,0.768750,0.757955,0.745265,0.761364
663.000000,0.762500,0.771023,0.759375,0.746402,0.761364
664.000000,0.759091,0.773295,0.759659,0.747727,0.761364
665.000000,0.760227,0.775000,0.759659,0.749621,0.755682
666.000000,0.759091,0.769886,0.759659,0.751515,0.755682
667.000000,0.757955,0.764773,0.759659,0.753030,0.755682
668.000000,0.755682,0.759091,0.759659,0.753977,0.750000
669.000000,0.738636,0.748864,0.755966,0.752462,0.676136
670.000000,0.730682,0.745455,0.754830,0.751894,0.715909
671.000000,0.715909,0.737500,0.751989,0.750189,0.681818
672.000000,0.702273,0.730114,0.749432,0.748674,0.687500
673.000000,0.689773,0.722727,0.746875,0.747159,0.687500
674.000000,0.692045,0.715341,0.744318,0.744886,0.687500
675.000000,0.682955,0.706818,0.740909,0.742045,0.670455
676.000000,0.679545,0.697727,0.733807,0.739015,0.664773
677.000000,0.680682,0.691477,0.728125,0.736932,0.693182
678.000000,0.682955,0.686364,0.722727,0.735227,0.698864
679.000000,0.685227,0.688636,0.718750,0.733523,0.698864
680.000000,0.690909,0.686932,0.716193,0.732197,0.698864
681.000000,0.697727,0.688636,0.713068,0.730871,0.698864
682.000000,0.698864,0.689773,0.709943,0.729545,0.698864
683.000000,0.698864,0.690909,0.706818,0.728220,0.698864
684.000000,0.701136,0.693182,0.704261,0.727273,0.710227
685.000000,0.703409,0.697159,0.701989,0.726326,0.710227
686.000000,0.705682,0.701705,0.699716,0.723106,0.710227
687.000000,0.707955,0.703409,0.697443,0.719886,0.710227
688.000000,0.707955,0.703409,0.694886,0.716288,0.698864
689.000000,0.705682,0.703409,0.696023,0.713636,0.698864
690.000000,0.703409,0.703409,0.695170,0.711932,0.698864
691.000000,0.711364,0.708523,0.698580,0.711553,0.750000
692.000000,0.723864,0.715909,0.702841,0.711932,0.772727
693.000000,0.731818,0.719886,0.705398,0.711174,0.738636
694.000000,0.739773,0.722727,0.707955,0.710417,0.738636
695.000000,0.747727,0.725568,0.711364,0.709848,0.738636
696.000000,0.745455,0.728409,0.715057,0.709280,0.738636
697.000000,0.738636,0.731250,0.717330,0.708712,0.738636
698.000000,0.738636,0.735227,0.719318,0.708333,0.738636
699.000000,0.742045,0.740909,0.722159,0.710985,0.755682
700.000000,0.745455,0.746591,0.725000,0.712311,0.755682
701.000000,0.755682,0.750568,0.729545,0.715909,0.789773
702.000000,0.765909,0.752273,0.734091,0.719318,0.789773
703.000000,0.782955,0.760795,0.740341,0.723864,0.823864
704.000000,0.796591,0.769318,0.746023,0.728409,0.823864
705.000000,0.814773,0.780114,0.752841,0.734280,0.846591
706.000000,0.822727,0.789205,0.758807,0.739773,0.829545
707.000000,0.829545,0.797727,0.764489,0.744129,0.823864
708.000000,0.831818,0.807386,0.771307,0.748674,0.835227
709.000000,0.827273,0.811932,0.776420,0.752083,0.801136
710.000000,0.815909,0.815341,0.780966,0.755114,0.789773
711.000000,0.807955,0.815341,0.782955,0.758144,0.789773
712.000000,0.801136,0.815341,0.783807,0.761174,0.789773
713.000000,0.792045,0.811932,0.786364,0.764205,0.789773
714.000000,0.789773,0.808523,0.788920,0.766856,0.789773
715.000000,0.798864,0.807386,0.793750,0.771023,0.835227
716.000000,0.809091,0.808523,0.798864,0.775379,0.840909
717.000000,0.823864,0.812500,0.805114,0.780492,0.863636
718.000000,0.840909,0.816477,0.811932,0.786364,0.875000
719.000000,0.860227,0.825000,0.818466,0.792614,0.886364
720.000000,0.870455,0.834659,0.825000,0.798864,0.886364
721.000000,0.879545,0.844318,0.829830,0.803409,0.886364
722.000000,0.893182,0.858523,0.836932,0.808712,0.931818
723.000000,0.905682,0.873295,0.842614,0.815341,0.937500
724.000000,0.915909,0.888068,0.848295,0.821970,0.937500
725.000000,0.926136,0.898295,0.852841,0.828598,0.937500
726.000000,0.936364,0.907955,0.858239,0.835227,0.937500
727.000000,0.937500,0.915341,0.863920,0.841856,0.937500
728.000000,0.937500,0.921591,0.869034,0.848485,0.937500
729.000000,0.937500,0.926705,0.875852,0.854545,0.937500
730.000000,0.940909,0.933523,0.884091,0.861174,0.954545
731.000000,0.944318,0.940341,0.892330,0.866667,0.954545
732.000000,0.947727,0.942614,0.900568,0.872159,0.954545
733.000000,0.951136,0.944318,0.908807,0.876515,0.954545
734.000000,0.954545,0.946023,0.917045,0.880871,0.954545
735.000000,0.942045,0.941477,0.919886,0.882386,0.892045
736.000000,0.926136,0.935227,0.921591,0.883902,0.875000
737.000000,0.910227,0.928977,0.922159,0.885606,0.875000
738.000000,0.892045,0.921591,0.921591,0.886553,0.863636
739.000000,0.873864,0.914205,0.920455,0.888636,0.863636
740.000000,0.868182,0.905114,0.919318,0.891098,0.863636
741.000000,0.865909,0.896023,0.918182,0.893561,0.863636
742.000000,0.863636,0.886932,0.914773,0.896023,0.863636
743.000000,0.861364,0.876705,0.910511,0.898106,0.852273
744.000000,0.859091,0.866477,0.906250,0.900189,0.852273
745.000000,0.856818,0.862500,0.901989,0.900758,0.852273
746.000000,0.846591,0.856250,0.895739,0.899811,0.812500
747.000000,0.826136,0.844886,0.886932,0.896402,0.761364
748.000000,0.807955,0.834659,0.878125,0.892614,0.761364
749.000000,0.803409,0.831250,0.872727,0.890720,0.829545
750.000000,0.798864,0.827841,0.866477,0.888826,0.829545
751.000000,0.804545,0.825568,0.860795,0.887311,0.840909
752.000000,0.820455,0.823295,0.855114,0.884280,0.840909
753.000000,0.836364,0.822159,0.849432,0.881061,0.840909
754.000000,0.838636,0.821023,0.843750,0.877841,0.840909
755.000000,0.839773,0.819318,0.840909,0.874432,0.835227
756.000000,0.838636,0.821591,0.838920,0.871023,0.835227
757.000000,0.837500,0.828977,0.836932,0.867614,0.835227
758.000000,0.836364,0.836364,0.835511,0.864205,0.835227
759.000000,0.835227,0.836932,0.834091,0.860795,0.835227
760.000000,0.853409,0.846591,0.837216,0.859848,0.926136
761.000000,0.875000,0.856818,0.841193,0.859470,0.943182
762.000000,0.896591,0.867045,0.845170,0.859091,0.943182
763.000000,0.911364,0.873864,0.848011,0.857576,0.909091
764.000000,0.935227,0.885227,0.853125,0.857576,0.954545
765.000000,0.938636,0.896023,0.857670,0.859280,0.943182
766.000000,0.938636,0.906818,0.864205,0.861553,0.943182
767.000000,0.950000,0.923295,0.876136,0.865720,1.000000
768.000000,0.959091,0.935227,0.885795,0.868750,0.954545
769.000000,0.957955,0.946591,0.891761,0.871591,0.948864
770.000000,0.948864,0.943750,0.895170,0.872727,0.897727
771.000000,0.935227,0.936932,0.896875,0.873106,0.875000
772.000000,0.904545,0.927273,0.897159,0.872538,0.846591
773.000000,0.886364,0.922727,0.898295,0.872917,0.863636
774.000000,0.878409,0.918182,0.901705,0.874811,0.909091
775.000000,0.880682,0.914773,0.905398,0.876705,0.909091
776.000000,0.878409,0.906818,0.906818,0.878409,0.863636
777.000000,0.876136,0.890341,0.906818,0.880871,0.835227
778.000000,0.870455,0.878409,0.906818,0.883333,0.835227
779.000000,0.869318,0.873864,0.910227,0.885795,0.903409
780.000000,0.869318,0.875000,0.909375,0.888447,0.909091
781.000000,0.878409,0.878409,0.907670,0.890720,0.909091
782.000000,0.886364,0.881250,0.904261,0.891856,0.875000
783.000000,0.890909,0.880682,0.901705,0.892424,0.857955
784.000000,0.881818,0.875568,0.896875,0.892992,0.857955
785.000000,0.871591,0.870455,0.892614,0.893750,0.857955
786.000000,0.861364,0.869886,0.888352,0.894508,0.857955
787.000000,0.857955,0.872159,0.881250,0.895265,0.857955
788.000000,0.852273,0.871591,0.875000,0.895076,0.829545
789.000000,0.845455,0.863636,0.868750,0.894697,0.823864
790.000000,0.837500,0.854545,0.864773,0.891098,0.818182
791.000000,0.829545,0.845455,0.861932,0.886932,0.818182
792.000000,0.821591,0.839773,0.860511,0.882765,0.818182
793.000000,0.819318,0.835795,0.858239,0.879735,0.818182
794.000000,0.815909,0.830682,0.853125,0.874811,0.806818
795.000000,0.807955,0.822727,0.846591,0.869318,0.778409
796.000000,0.802273,0.815909,0.842898,0.864205,0.789773
797.000000,0.800000,0.810795,0.841477,0.857765,0.806818
798.000000,0.797727,0.808523,0.840057,0.852841,0.806818
799.000000,0.797727,0.806818,0.835227,0.848106,0.806818
800.000000,0.823864,0.815909,0.835227,0.848485,0.909091
801.000000,0.847727,0.825000,0.835227,0.849621,0.909091
802.000000,0.868182,0.834091,0.836932,0.851705,0.909091
803.000000,0.887500,0.842614,0.839205,0.853030,0.903409
804.000000,0.902273,0.850000,0.840341,0.852083,0.880682
805.000000,0.896591,0.860227,0.841477,0.851136,0.880682
806.000000,0.890909,0.869318,0.842614,0.851705,0.880682
807.000000,0.892045,0.880114,0.845455,0.854356,0.914773
808.000000,0.894318,0.890909,0.849716,0.857008,0.914773
809.000000,0.903409,0.902841,0.854830,0.857765,0.926136
810.000000,0.909091,0.902841,0.859375,0.857765,0.909091
811.000000,0.914773,0.902841,0.863920,0.857765,0.909091
812.000000,0.913636,0.902841,0.868466,0.858902,0.909091
813.000000,0.904545,0.899432,0.871023,0.859280,0.869318
814.000000,0.895455,0.899432,0.874716,0.860038,0.880682
815.000000,0.887500,0.898295,0.879261,0.860417,0.869318
816.000000,0.879545,0.897159,0.883239,0.860795,0.869318
817.000000,0.871591,0.892614,0.886364,0.861174,0.869318
818.000000,0.871591,0.888068,0.889489,0.862500,0.869318
819.000000,0.872727,0.884091,0.893466,0.864583,0.886364
820.000000,0.876136,0.881818,0.892330,0.866856,0.886364
821.000000,0.879545,0.879545,0.891193,0.869129,0.886364
822.000000,0.882955,0.877273,0.890057,0.871402,0.886364
823.000000,0.879545,0.875568,0.887500,0.872538,0.852273
824.000000,0.878409,0.875568,0.887500,0.875000,0.880682
825.000000,0.875000,0.875568,0.886932,0.878030,0.869318
826.000000,0.869318,0.874432,0.885795,0.880303,0.857955
827.000000,0.859091,0.871023,0.881818,0.881250,0.835227
828.000000,0.856818,0.868182,0.878125,0.882386,0.840909
829.000000,0.848864,0.863636,0.873864,0.883523,0.840909
830.000000,0.843182,0.859091,0.870455,0.881250,0.840909
831.000000,0.842045,0.855682,0.867614,0.879356,0.852273
832.000000,0.845455,0.852273,0.864773,0.877462,0.852273
833.000000,0.847727,0.852273,0.863920,0.875758,0.852273
834.000000,0.856818,0.852841,0.864205,0.875947,0.886364
835.000000,0.861364,0.852273,0.863920,0.875379,0.863636
836.000000,0.864773,0.853409,0.863920,0.875000,0.869318
837.000000,0.865909,0.855682,0.863352,0.873106,0.857955
838.000000,0.867045,0.857386,0.862784,0.871212,0.857955
839.000000,0.860227,0.858523,0.861080,0.868750,0.852273
840.000000,0.857955,0.859659,0.859375,0.866856,0.852273
841.000000,0.854545,0.859659,0.857670,0.864962,0.852273
842.000000,0.857955,0.861932,0.857102,0.863826,0.875000
843.000000,0.856818,0.861932,0.857102,0.863258,0.852273
844.000000,0.856818,0.858523,0.855682,0.862311,0.852273
845.000000,0.856818,0.857386,0.854830,0.861742,0.852273
846.000000,0.856818,0.855682,0.854545,0.861174,0.852273
847.000000,0.852273,0.855114,0.855398,0.860606,0.852273
848.000000,0.852273,0.854545,0.855966,0.860038,0.852273
849.000000,0.852273,0.854545,0.856534,0.858902,0.852273
850.000000,0.850000,0.853409,0.856534,0.857386,0.840909
851.000000,0.847727,0.852273,0.855966,0.855871,0.840909
852.000000,0.845455,0.848864,0.855398,0.854356,0.840909
853.000000,0.839773,0.846023,0.853977,0.853409,0.823864
854.000000,0.834091,0.843182,0.850852,0.851515,0.823864
855.000000,0.830682,0.840341,0.848864,0.850000,0.823864
856.000000,0.827273,0.837500,0.846591,0.848864,0.823864
857.000000,0.823864,0.834659,0.844886,0.848485,0.823864
858.000000,0.823864,0.831818,0.843182,0.847917,0.823864
859.000000,0.823864,0.828977,0.841761,0.847348,0.823864
860.000000,0.823864,0.827273,0.840341,0.846780,0.823864
861.000000,0.823864,0.825568,0.838920,0.845833,0.823864
862.000000,0.823864,0.823864,0.836364,0.844886,0.823864
863.000000,0.827273,0.825568,0.835795,0.844508,0.840909
864.000000,0.830682,0.827273,0.835227,0.842992,0.840909
865.000000,0.823864,0.823864,0.832102,0.840530,0.789773
866.000000,0.821591,0.822727,0.830114,0.838636,0.812500
867.000000,0.812500,0.818182,0.826420,0.835985,0.778409
868.000000,0.795455,0.811364,0.821591,0.832576,0.755682
869.000000,0.778409,0.804545,0.816761,0.829356,0.755682
870.000000,0.771591,0.797727,0.812500,0.826136,0.755682
871.000000,0.751136,0.786364,0.805966,0.821402,0.710227
872.000000,0.735227,0.773864,0.798864,0.815530,0.698864
873.000000,0.723864,0.759659,0.792614,0.810417,0.698864
874.000000,0.712500,0.745455,0.786364,0.805303,0.698864
875.000000,0.701136,0.736364,0.780114,0.800189,0.698864
876.000000,0.701136,0.726136,0.774432,0.795455,0.710227
877.000000,0.709091,0.722159,0.770170,0.791667,0.738636
878.000000,0.717045,0.720455,0.765909,0.787879,0.738636
879.000000,0.725000,0.718750,0.761648,0.784091,0.738636
880.000000,0.722727,0.711932,0.754830,0.778977,0.687500
881.000000,0.717045,0.709091,0.747727,0.773674,0.681818
882.000000,0.714773,0.711932,0.742898,0.769886,0.727273
883.000000,0.712500,0.714773,0.737216,0.766667,0.727273
884.000000,0.710227,0.717614,0.731534,0.763447,0.727273
885.000000,0.722727,0.722727,0.729545,0.760985,0.750000
886.000000,0.732955,0.725000,0.725568,0.757955,0.732955
887.000000,0.737500,0.726136,0.724148,0.755492,0.750000
888.000000,0.738636,0.725568,0.723011,0.752462,0.732955
889.000000,0.739773,0.725000,0.721875,0.749432,0.732955
890.000000,0.736364,0.729545,0.720739,0.746402,0.732955
891.000000,0.736364,0.734659,0.721875,0.743371,0.732955
892.000000,0.732955,0.735227,0.723580,0.740341,0.732955
893.000000,0.730682,0.734659,0.724716,0.736364,0.721591
894.000000,0.728409,0.734091,0.725852,0.732386,0.721591
895.000000,0.726136,0.731250,0.726989,0.730114,0.721591
896.000000,0.723864,0.730114,0.727557,0.727083,0.721591
897.000000,0.721591,0.727273,0.726705,0.725189,0.721591
898.000000,0.731818,0.731250,0.728409,0.725758,0.772727
899.000000,0.742045,0.735227,0.730114,0.726326,0.772727
900.000000,0.752273,0.739205,0.734375,0.726894,0.772727
901.000000,0.763636,0.743750,0.739205,0.729167,0.778409
902.000000,0.775000,0.748295,0.741761,0.731818,0.778409
903.000000,0.785227,0.758523,0.746591,0.735985,0.823864
904.000000,0.788636,0.765341,0.749716,0.739015,0.789773
905.000000,0.792045,0.772159,0.751705,0.742045,0.789773
906.000000,0.794318,0.778977,0.754545,0.744697,0.789773
907.000000,0.796591,0.785795,0.756534,0.746402,0.789773
908.000000,0.789773,0.787500,0.759375,0.748106,0.789773
909.000000,0.787500,0.788068,0.761648,0.749432,0.778409
910.000000,0.784091,0.788068,0.763636,0.752273,0.772727
911.000000,0.773864,0.784091,0.763920,0.754167,0.738636
912.000000,0.764773,0.780682,0.764489,0.754735,0.744318
913.000000,0.743182,0.766477,0.762500,0.753220,0.681818
914.000000,0.719318,0.753409,0.759375,0.750947,0.659091
915.000000,0.692045,0.738068,0.755114,0.747159,0.636364
916.000000,0.671591,0.722727,0.750852,0.743939,0.636364
917.000000,0.652273,0.708523,0.747159,0.740530,0.647727
918.000000,0.647727,0.695455,0.741477,0.738068,0.659091
919.000000,0.647727,0.683523,0.735795,0.735606,0.659091
920.000000,0.652273,0.672159,0.730114,0.733144,0.659091
921.000000,0.656818,0.664205,0.724148,0.730682,0.659091
922.000000,0.659091,0.655682,0.718182,0.728220,0.659091
923.000000,0.660227,0.653977,0.710227,0.726326,0.664773
924.000000,0.668182,0.657955,0.705682,0.725568,0.698864
925.000000,0.673864,0.663068,0.700568,0.724432,0.687500
926.000000,0.677273,0.667045,0.694886,0.722917,0.676136
927.000000,0.677273,0.668182,0.688352,0.720833,0.659091
928.000000,0.676136,0.668182,0.681818,0.717045,0.659091
929.000000,0.665909,0.667045,0.675284,0.712879,0.647727
930.000000,0.657955,0.665909,0.669034,0.708712,0.647727
931.000000,0.652273,0.664773,0.664489,0.704356,0.647727
932.000000,0.650000,0.663636,0.659659,0.700000,0.647727
933.000000,0.648864,0.662500,0.658239,0.694318,0.653409
934.000000,0.650000,0.657955,0.657955,0.689773,0.653409
935.000000,0.655682,0.656818,0.659943,0.685985,0.676136
936.000000,0.661364,0.656818,0.661932,0.682197,0.676136
937.000000,0.664773,0.657386,0.662784,0.678030,0.664773
938.000000,0.669318,0.659091,0.663636,0.674242,0.676136
939.000000,0.673864,0.661932,0.664489,0.670833,0.676136
940.000000,0.668182,0.661932,0.663920,0.666667,0.647727
941.000000,0.662500,0.661932,0.663352,0.663636,0.647727
942.000000,0.660227,0.662500,0.663068,0.660606,0.653409
943.000000,0.651136,0.660227,0.661364,0.658902,0.630682
944.000000,0.642045,0.657955,0.657955,0.657955,0.630682
945.000000,0.638636,0.653409,0.655114,0.657765,0.630682
946.000000,0.635227,0.648864,0.652841,0.657576,0.630682
947.000000,0.628409,0.644318,0.650852,0.656629,0.619318
948.000000,0.623864,0.637500,0.648295,0.654924,0.607955
949.000000,0.619318,0.630682,0.646307,0.653220,0.607955
950.000000,0.614773,0.626705,0.644318,0.651515,0.607955
951.000000,0.613636,0.624432,0.643182,0.650379,0.625000
952.000000,0.614773,0.621591,0.642045,0.649242,0.625000
953.000000,0.618182,0.621023,0.640625,0.647917,0.625000
954.000000,0.621591,0.620455,0.639205,0.645455,0.625000
955.000000,0.625000,0.619886,0.636648,0.643371,0.625000
956.000000,0.622727,0.618182,0.633523,0.641288,0.613636
957.000000,0.621591,0.618182,0.631250,0.639962,0.619318
958.000000,0.620455,0.619318,0.628409,0.638636,0.619318
959.000000,0.617045,0.619318,0.625000,0.637311,0.607955
960.000000,0.613636,0.619318,0.623011,0.635985,0.607955
961.000000,0.612500,0.617614,0.621023,0.634659,0.607955
962.000000,0.610227,0.615909,0.618750,0.633333,0.607955
963.000000,0.607955,0.614205,0.617614,0.631818,0.607955
964.000000,0.582955,0.600000,0.610227,0.626136,0.482955
965.000000,0.557955,0.585795,0.602841,0.619697,0.482955
966.000000,0.532955,0.572727,0.595455,0.613258,0.482955
967.000000,0.507955,0.559091,0.588636,0.607197,0.482955
968.000000,0.482955,0.545455,0.582386,0.600758,0.482955
969.000000,0.482955,0.532955,0.576136,0.594318,0.482955
970.000000,0.485227,0.521591,0.570455,0.589205,0.494318
971.000000,0.485227,0.509091,0.563352,0.583712,0.482955
972.000000,0.485227,0.496591,0.556250,0.578030,0.482955
973.000000,0.485227,0.484091,0.549148,0.573106,0.482955
974.000000,0.485227,0.484091,0.542045,0.568182,0.482955
975.000000,0.484091,0.484659,0.535227,0.563447,0.488636
976.000000,0.485227,0.485227,0.528977,0.558712,0.488636
977.000000,0.484091,0.484659,0.521875,0.553977,0.477273
978.000000,0.482955,0.484091,0.514773,0.549621,0.477273
979.000000,0.481818,0.483523,0.508239,0.545265,0.477273
980.000000,0.479545,0.481818,0.501705,0.540909,0.477273
981.000000,0.477273,0.481250,0.495170,0.535985,0.477273
982.000000,0.477273,0.480682,0.488636,0.531061,0.477273
983.000000,0.477273,0.480114,0.482102,0.526136,0.477273
984.000000,0.477273,0.479545,0.481818,0.521212,0.477273
985.000000,0.477273,0.478409,0.481534,0.516288,0.477273
986.000000,0.477273,0.477273,0.481250,0.511742,0.477273
987.000000,0.477273,0.477273,0.480966,0.507008,0.477273
988.000000,0.477273,0.477273,0.480682,0.502273,0.477273
989.000000,0.476136,0.476705,0.480114,0.497727,0.471591
990.000000,0.475000,0.476136,0.478977,0.493182,0.471591
991.000000,0.473864,0.475568,0.478409,0.488636,0.471591
992.000000,0.472727,0.475000,0.477841,0.484091,0.471591
993.000000,0.471591,0.474432,0.477273,0.479545,0.471591
994.000000,0.471591,0.473864,0.476705,0.479167,0.471591
995.000000,0.471591,0.473295,0.475852,0.478788,0.471591
996.000000,0.471591,0.472727,0.475000,0.478409,0.471591
997.000000,0.471591,0.472159,0.474716,0.478030,0.471591
998.000000,0.475000,0.473295,0.475284,0.478220,0.488636
999.000000,0.478409,0.475000,0.475852,0.478409,0.488636
1000.000000,0.482955,0.477273,0.476705,0.478409,0.494318
1001.000000,0.487500,0.479545,0.477557,0.478788,0.494318
1002.000000,0.492045,0.481818,0.478409,0.479167,0.494318
1003.000000,0.493182,0.484091,0.479261,0.479545,0.494318
1004.000000,0.492045,0.485227,0.479545,0.479545,0.482955
1005.000000,0.492045,0.487500,0.480398,0.479735,0.494318
1006.000000,0.492045,0.489773,0.481250,0.479924,0.494318
1007.000000,0.492045,0.492045,0.482102,0.480492,0.494318
1008.000000,0.487500,0.490341,0.481818,0.480303,0.471591
1009.000000,0.485227,0.488636,0.481818,0.480114,0.471591
1010.000000,0.480682,0.486364,0.481818,0.479924,0.471591
1011.000000,0.476136,0.484091,0.481818,0.479735,0.471591
1012.000000,0.471591,0.481818,0.481818,0.479545,0.471591
1013.000000,0.473864,0.480682,0.482386,0.479735,0.482955
1014.000000,0.480682,0.482955,0.484091,0.480682,0.505682
1015.000000,0.496591,0.488636,0.488068,0.483144,0.551136
1016.000000,0.515909,0.496023,0.492898,0.486174,0.568182
1017.000000,0.535227,0.503409,0.497727,0.489205,0.568182
1018.000000,0.550000,0.511932,0.501136,0.491856,0.556818
1019.000000,0.556818,0.518750,0.503693,0.494129,0.539773
1020.000000,0.554545,0.525568,0.505966,0.496402,0.539773
1021.000000,0.548864,0.532386,0.508239,0.498674,0.539773
1022.000000,0.540909,0.538068,0.509943,0.500568,0.528409
1023.000000,0.535227,0.542614,0.511648,0.502462,0.528409
1024.000000,0.532955,0.544886,0.513920,0.504356,0.528409
1025.000000,0.530682,0.542614,0.515625,0.506250,0.528409
1026.000000,0.528409,0.538636,0.517330,0.508144,0.528409
1027.000000,0.526136,0.533523,0.518466,0.509659,0.517045
1028.000000,0.517045,0.526136,0.519034,0.509470,0.482955
1029.000000,0.510227,0.521591,0.520170,0.509659,0.494318
1030.000000,0.503409,0.517045,0.521307,0.509659,0.494318
1031.000000,0.521591,0.525000,0.528693,0.513826,0.619318
1032.000000,0.554545,0.540341,0.539205,0.520076,0.681818
1033.000000,0.592045,0.554545,0.548580,0.525947,0.670455
1034.000000,0.618182,0.564205,0.554545,0.530682,0.625000
1035.000000,0.644318,0.573864,0.558239,0.535038,0.625000
1036.000000,0.645455,0.583523,0.561080,0.539394,0.625000
1037.000000,0.634091,0.594318,0.563920,0.543750,0.625000
1038.000000,0.625000,0.608523,0.567330,0.548864,0.625000
1039.000000,0.625000,0.621591,0.571591,0.553977,0.625000
1040.000000,0.625000,0.634659,0.575852,0.559091,0.625000
1041.000000,0.625000,0.635227,0.580114,0.564205,0.625000
1042.000000,0.625000,0.629545,0.584943,0.569318,0.625000
1043.000000,0.622727,0.623864,0.589205,0.573674,0.613636
1044.000000,0.618182,0.621591,0.592898,0.576894,0.602273
1045.000000,0.613636,0.619318,0.596591,0.578598,0.602273
1046.000000,0.609091,0.617045,0.600284,0.579735,0.602273
1047.000000,0.604545,0.614773,0.604545,0.580871,0.602273
1048.000000,0.602273,0.612500,0.610511,0.582386,0.602273
1049.000000,0.602273,0.610227,0.615909,0.584470,0.602273
1050.000000,0.602273,0.607955,0.621307,0.586553,0.602273
1051.000000,0.603409,0.606250,0.620739,0.588826,0.607955
1052.000000,0.597727,0.601136,0.615341,0.590341,0.573864
1053.000000,0.592045,0.597159,0.610511,0.591856,0.573864
1054.000000,0.586364,0.594318,0.607955,0.593371,0.573864
1055.000000,0.580682,0.591477,0.605398,0.594886,0.573864
1056.000000,0.563636,0.583523,0.600284,0.594697,0.522727
1057.000000,0.559091,0.578409,0.596591,0.595833,0.551136
1058.000000,0.555682,0.573864,0.593182,0.598295,0.556818
1059.000000,0.560227,0.573295,0.591761,0.601705,0.596591
1060.000000,0.564773,0.572727,0.590341,0.605114,0.596591
1061.000000,0.579545,0.571591,0.588920,0.604356,0.596591
1062.000000,0.588636,0.573864,0.587500,0.601515,0.596591
1063.000000,0.596591,0.576136,0.586648,0.599053,0.596591
1064.000000,0.596591,0.578409,0.586364,0.598106,0.596591
1065.000000,0.596591,0.580682,0.586080,0.597159,0.596591
1066.000000,0.596591,0.588068,0.585795,0.596212,0.596591
1067.000000,0.592045,0.590341,0.584375,0.594508,0.573864
1068.000000,0.587500,0.592045,0.582955,0.592803,0.573864
1069.000000,0.581818,0.589205,0.581250,0.590909,0.568182
1070.000000,0.576136,0.586364,0.579545,0.589015,0.568182
1071.000000,0.570455,0.583523,0.577557,0.587121,0.568182
1072.000000,0.568182,0.580114,0.576989,0.585038,0.562500
1073.000000,0.565909,0.576705,0.576420,0.583333,0.562500
1074.000000,0.564773,0.573295,0.575852,0.582008,0.562500
1075.000000,0.563636,0.569886,0.575284,0.580682,0.562500
1076.000000,0.564773,0.567614,0.577841,0.579735,0.573864
1077.000000,0.567045,0.567614,0.578977,0.578788,0.573864
1078.000000,0.569318,0.567614,0.579830,0.577841,0.573864
1079.000000,0.572727,0.568750,0.578977,0.577083,0.579545
1080.000000,0.576136,0.569886,0.578125,0.576326,0.579545
1081.000000,0.577273,0.571023,0.577273,0.575379,0.579545
1082.000000,0.581818,0.574432,0.577273,0.576136,0.596591
1083.000000,0.586364,0.577841,0.577273,0.576894,0.596591
1084.000000,0.594318,0.583523,0.578409,0.578409,0.619318
1085.000000,0.602273,0.589205,0.579545,0.579924,0.619318
1086.000000,0.617045,0.597159,0.582386,0.584280,0.653409
1087.000000,0.628409,0.605114,0.586364,0.587689,0.653409
1088.000000,0.638636,0.612500,0.590057,0.590720,0.647727
1089.000000,0.644318,0.619318,0.594034,0.592424,0.647727
1090.000000,0.652273,0.627273,0.598580,0.594508,0.659091
1091.000000,0.656818,0.636932,0.603977,0.597159,0.676136
1092.000000,0.650000,0.639205,0.606818,0.597917,0.619318
1093.000000,0.648864,0.643750,0.610795,0.599432,0.642045
1094.000000,0.647727,0.646023,0.614773,0.600947,0.642045
1095.000000,0.644318,0.648295,0.618750,0.602462,0.642045
1096.000000,0.637500,0.647159,0.622159,0.603977,0.642045
1097.000000,0.642045,0.646023,0.625568,0.606250,0.642045
1098.000000,0.642045,0.645455,0.628977,0.608523,0.642045
1099.000000,0.642045,0.644886,0.632102,0.610985,0.642045
1100.000000,0.642045,0.643182,0.635227,0.613447,0.642045
1101.000000,0.642045,0.639773,0.638352,0.615909,0.642045
1102.000000,0.639773,0.640909,0.640057,0.618182,0.630682
1103.000000,0.637500,0.639773,0.641761,0.620455,0.630682
1104.000000,0.635227,0.638636,0.642330,0.622727,0.630682
1105.000000,0.629545,0.635795,0.642045,0.624432,0.613636
1106.000000,0.621591,0.631818,0.639489,0.625379,0.602273
1107.000000,0.615909,0.627841,0.636932,0.626326,0.602273
1108.000000,0.620455,0.628977,0.637216,0.628977,0.653409
1109.000000,0.626136,0.630682,0.637784,0.631629,0.659091
1110.000000,0.635227,0.632386,0.637784,0.634280,0.659091
1111.000000,0.646591,0.634091,0.636932,0.636932,0.659091
1112.000000,0.660227,0.638068,0.639489,0.639394,0.670455
1113.000000,0.665909,0.643182,0.641477,0.642235,0.681818
1114.000000,0.670455,0.648295,0.643466,0.644318,0.681818
1115.000000,0.676136,0.655682,0.645739,0.646591,0.687500
1116.000000,0.681818,0.664205,0.648011,0.647727,0.687500
1117.000000,0.685227,0.672727,0.650284,0.648864,0.687500
1118.000000,0.686364,0.676136,0.652557,0.650189,0.687500
1119.000000,0.682955,0.676705,0.653693,0.650758,0.664773
1120.000000,0.680682,0.678409,0.655398,0.651326,0.676136
1121.000000,0.671591,0.676705,0.655398,0.650189,0.642045
1122.000000,0.664773,0.675000,0.656534,0.651326,0.653409
1123.000000,0.657955,0.672159,0.657670,0.651705,0.653409
1124.000000,0.655682,0.669318,0.658807,0.652083,0.653409
1125.000000,0.651136,0.665909,0.660795,0.652462,0.653409
1126.000000,0.647727,0.659659,0.661932,0.651894,0.625000
1127.000000,0.639773,0.652273,0.662500,0.650947,0.613636
1128.000000,0.626136,0.642045,0.659091,0.649053,0.585227
1129.000000,0.615909,0.635795,0.656250,0.647727,0.602273
1130.000000,0.605682,0.628409,0.653409,0.646402,0.602273
1131.000000,0.604545,0.626136,0.651420,0.645644,0.619318
1132.000000,0.602273,0.621023,0.648011,0.644697,0.602273
1133.000000,0.605682,0.615909,0.644034,0.643750,0.602273
1134.000000,0.605682,0.610795,0.640057,0.642803,0.602273
1135.000000,0.604545,0.605114,0.635511,0.642235,0.596591
1136.000000,0.600000,0.602273,0.630966,0.642045,0.596591
1137.000000,0.598864,0.600568,0.626420,0.641856,0.596591
1138.000000,0.597727,0.601705,0.621875,0.639962,0.596591
1139.000000,0.596591,0.601136,0.618466,0.637879,0.596591
1140.000000,0.598864,0.601705,0.615057,0.636174,0.607955
1141.000000,0.601136,0.600568,0.613352,0.634470,0.607955
1142.000000,0.603409,0.601136,0.611080,0.632386,0.607955
1143.000000,0.605682,0.601705,0.608807,0.629924,0.607955
1144.000000,0.607955,0.602273,0.606534,0.627462,0.607955
1145.000000,0.614773,0.606818,0.605966,0.625947,0.642045
1146.000000,0.621591,0.611364,0.606818,0.624432,0.642045
1147.000000,0.628409,0.615909,0.608239,0.622917,0.642045
1148.000000,0.635227,0.620455,0.611080,0.621402,0.642045
1149.000000,0.642045,0.625000,0.613068,0.620644,0.642045
1150.000000,0.642045,0.628409,0.615057,0.619508,0.642045
1151.000000,0.642045,0.631818,0.616193,0.619508,0.642045
1152.000000,0.642045,0.635227,0.618182,0.619129,0.642045
1153.000000,0.642045,0.638636,0.620170,0.618750,0.642045
1154.000000,0.682955,0.662500,0.632386,0.625189,0.846591
1155.000000,0.714773,0.678409,0.642614,0.630114,0.801136
1156.000000,0.746591,0.694318,0.652841,0.635985,0.801136
1157.000000,0.778409,0.710227,0.663068,0.642235,0.801136
1158.000000,0.810227,0.726136,0.673295,0.649432,0.801136
1159.000000,0.798864,0.740909,0.682955,0.655682,0.789773
1160.000000,0.793182,0.753977,0.691193,0.661364,0.772727
1161.000000,0.797727,0.772159,0.701989,0.668182,0.823864
1162.000000,0.795455,0.786932,0.711080,0.674432,0.789773
1163.000000,0.800000,0.805114,0.721875,0.681818,0.823864
1164.000000,0.800000,0.799432,0.730966,0.688068,0.789773
1165.000000,0.803409,0.798295,0.738352,0.694508,0.789773
1166.000000,0.794318,0.796023,0.745170,0.700568,0.778409
1167.000000,0.792045,0.793750,0.751989,0.706629,0.778409
1168.000000,0.778409,0.789205,0.757670,0.711932,0.755682
1169.000000,0.772727,0.786364,0.763636,0.717424,0.761364
1170.000000,0.765909,0.784659,0.769318,0.722348,0.755682
1171.000000,0.765909,0.780114,0.776136,0.728030,0.778409
1172.000000,0.763636,0.777841,0.782386,0.733333,0.767045
1173.000000,0.765909,0.772159,0.788636,0.738636,0.767045
1174.000000,0.767045,0.769886,0.784659,0.743939,0.767045
1175.000000,0.769318,0.767614,0.782955,0.748106,0.767045
1176.000000,0.767045,0.766477,0.781250,0.752273,0.767045
1177.000000,0.767045,0.765341,0.779545,0.756439,0.767045
1178.000000,0.767045,0.766477,0.777841,0.760606,0.767045
1179.000000,0.767045,0.767045,0.776705,0.764773,0.767045
1180.000000,0.767045,0.768182,0.776420,0.768939,0.767045
1181.000000,0.767045,0.767045,0.773580,0.773106,0.767045
1182.000000,0.767045,0.767045,0.772443,0.777273,0.767045
1183.000000,0.767045,0.767045,0.769602,0.781439,0.767045
1184.000000,0.759091,0.763068,0.766477,0.777462,0.727273
1185.000000,0.750000,0.758523,0.763068,0.774811,0.721591
1186.000000,0.743182,0.755114,0.760795,0.772538,0.732955
1187.000000,0.736364,0.751705,0.758523,0.770265,0.732955
1188.000000,0.729545,0.748295,0.757386,0.767992,0.732955
1189.000000,0.728409,0.743750,0.755398,0.765720,0.721591
1190.000000,0.728409,0.739205,0.753693,0.764015,0.721591
1191.000000,0.717045,0.730114,0.748580,0.759091,0.676136
1192.000000,0.705682,0.721023,0.744034,0.755303,0.676136
1193.000000,0.689773,0.709659,0.738352,0.749621,0.653409
1194.000000,0.677273,0.702841,0.732955,0.745265,0.659091
1195.000000,0.667045,0.697727,0.728125,0.741288,0.670455
1196.000000,0.667045,0.692045,0.723580,0.737879,0.676136
1197.000000,0.668182,0.686932,0.719318,0.734659,0.681818
1198.000000,0.673864,0.681818,0.715057,0.732197,0.681818
1199.000000,0.678409,0.677841,0.710795,0.729545,0.681818
1200.000000,0.673864,0.670455,0.704830,0.725947,0.647727
1201.000000,0.669318,0.668182,0.699148,0.721780,0.653409
1202.000000,0.663636,0.665909,0.693466,0.717992,0.653409
1203.000000,0.657955,0.665909,0.687784,0.714205,0.653409
1204.000000,0.652273,0.665341,0.684091,0.710417,0.653409
1205.000000,0.653409,0.663636,0.680682,0.706629,0.653409
1206.000000,0.653409,0.661364,0.676705,0.702841,0.653409
1207.000000,0.653409,0.658523,0.672727,0.699053,0.653409
1208.000000,0.647727,0.652841,0.667330,0.694318,0.625000
1209.000000,0.646591,0.649432,0.663636,0.690341,0.647727
1210.000000,0.645455,0.649432,0.659943,0.686364,0.647727
1211.000000,0.644318,0.648864,0.658523,0.682386,0.647727
1212.000000,0.643182,0.648295,0.657102,0.678409,0.647727
1213.000000,0.647727,0.647727,0.656818,0.674432,0.647727
1214.000000,0.647727,0.647159,0.656250,0.671780,0.647727
1215.000000,0.647727,0.646591,0.655114,0.669318,0.647727
1216.000000,0.647727,0.646023,0.653693,0.666477,0.647727
1217.000000,0.647727,0.645455,0.651989,0.663636,0.647727
1218.000000,0.647727,0.647727,0.650284,0.660795,0.647727
1219.000000,0.647727,0.647727,0.648580,0.658333,0.647727
1220.000000,0.647727,0.647727,0.648580,0.655871,0.647727
1221.000000,0.647727,0.647727,0.648295,0.654924,0.647727
1222.000000,0.639773,0.643750,0.646023,0.652652,0.607955
1223.000000,0.635227,0.641477,0.644602,0.651705,0.625000
